# $Revision: 18176 $
# File crc32 crc32(crlf) size size(crlf)  or  R File
modules/jpegtran/AdminJpegtran.inc	537911575	1985995131	6697	6935
modules/jpegtran/classes/JpegtranToolkit.class	3318151942	890416924	6159	6362
modules/jpegtran/classes/JpegtranToolkitHelper.class	2276432808	1383355685	6687	6875
modules/jpegtran/data/test.jpg	3585624450	3585624450	763	763
modules/jpegtran/module.inc	3343178367	940985404	7695	7967
modules/jpegtran/po/GNUmakefile	1866879166	2808215985	98	103
modules/jpegtran/po/af.mo	1067756804	1067756804	1569	1569
modules/jpegtran/po/af.po	3236552515	358460903	4122	4280
modules/jpegtran/po/ar.mo	2690948784	2690948784	708	708
modules/jpegtran/po/ar.po	856350105	49978940	3818	3974
modules/jpegtran/po/bg.mo	3129356825	3129356825	1232	1232
modules/jpegtran/po/bg.po	3167876969	3896439307	4233	4395
modules/jpegtran/po/ca.mo	1616882675	1616882675	1587	1587
modules/jpegtran/po/ca.po	166018228	2945599201	4229	4388
modules/jpegtran/po/cs.mo	1129870738	1129870738	1615	1615
modules/jpegtran/po/cs.po	1270862922	111858004	4155	4313
modules/jpegtran/po/da.mo	2319173493	2319173493	4553	4553
modules/jpegtran/po/da.po	1468288934	2183298255	5613	5785
modules/jpegtran/po/de.mo	3349440750	3349440750	4688	4688
modules/jpegtran/po/de.po	2841572180	3254164144	5931	6110
modules/jpegtran/po/el.mo	2497943760	2497943760	1992	1992
modules/jpegtran/po/el.po	2223328070	2737124209	4528	4687
modules/jpegtran/po/en_GB.mo	1364452460	1364452460	637	637
modules/jpegtran/po/en_GB.po	3130170448	3755184704	5313	5479
modules/jpegtran/po/es.mo	4027007864	4027007864	4740	4740
modules/jpegtran/po/es.po	3784262281	1487868121	5777	5949
modules/jpegtran/po/es_AR.mo	1327031522	1327031522	744	744
modules/jpegtran/po/es_AR.po	948196000	2373282092	5575	5747
modules/jpegtran/po/es_MX.mo	2696416471	2696416471	656	656
modules/jpegtran/po/es_MX.po	1285587281	1792107176	5698	5872
modules/jpegtran/po/et.mo	1963408116	1963408116	1185	1185
modules/jpegtran/po/et.po	905456055	2928108324	3927	4082
modules/jpegtran/po/eu.mo	585384825	585384825	1566	1566
modules/jpegtran/po/eu.po	1111797341	2218618374	4137	4295
modules/jpegtran/po/fi.mo	2375538001	2375538001	1575	1575
modules/jpegtran/po/fi.po	3842758261	2608013960	4240	4401
modules/jpegtran/po/fr.mo	4271604200	4271604200	4843	4843
modules/jpegtran/po/fr.po	1037027053	1750798383	5767	5938
modules/jpegtran/po/ga.mo	4182281063	4182281063	1060	1060
modules/jpegtran/po/ga.po	441755293	1658886821	4778	4963
modules/jpegtran/po/he.mo	1489714928	1489714928	1438	1438
modules/jpegtran/po/he.po	614069127	3807330313	4126	4284
modules/jpegtran/po/hu.mo	2451364107	2451364107	1299	1299
modules/jpegtran/po/hu.po	1775519603	366301253	4150	4309
modules/jpegtran/po/it.mo	1468802021	1468802021	4758	4758
modules/jpegtran/po/it.po	2715188214	1190290766	5734	5907
modules/jpegtran/po/ja.mo	1859925087	1859925087	5212	5212
modules/jpegtran/po/ja.po	3053303973	3740410211	6234	6404
modules/jpegtran/po/ko.mo	3383434763	3383434763	1343	1343
modules/jpegtran/po/ko.po	1887988989	219875422	4040	4199
modules/jpegtran/po/lt.mo	2419352014	2419352014	1506	1506
modules/jpegtran/po/lt.po	637228467	409158274	4305	4466
modules/jpegtran/po/lv.mo	3745978730	3745978730	1715	1715
modules/jpegtran/po/lv.po	2588722065	3279416073	4260	4419
modules/jpegtran/po/nl.mo	1749358636	1749358636	1524	1524
modules/jpegtran/po/nl.po	1565822446	4066342447	4263	4423
modules/jpegtran/po/no.mo	4273502361	4273502361	1540	1540
modules/jpegtran/po/no.po	1879268018	2991894702	4180	4338
modules/jpegtran/po/pl.mo	264391110	264391110	4922	4922
modules/jpegtran/po/pl.po	3409501016	4248698108	5863	6036
modules/jpegtran/po/pt.mo	2569979946	2569979946	1158	1158
modules/jpegtran/po/pt.po	3367853069	3236225645	4182	4348
modules/jpegtran/po/pt_BR.mo	2053927064	2053927064	1396	1396
modules/jpegtran/po/pt_BR.po	224983774	2296276980	4098	4254
modules/jpegtran/po/ro.mo	1237748220	1237748220	1398	1398
modules/jpegtran/po/ro.po	2321495052	819898286	4091	4251
modules/jpegtran/po/ru.mo	4129384828	4129384828	5872	5872
modules/jpegtran/po/ru.po	1595326046	2227904703	6926	7101
modules/jpegtran/po/sk.mo	1560450594	1560450594	1565	1565
modules/jpegtran/po/sk.po	2966784567	3285963909	4294	4457
modules/jpegtran/po/sl.mo	3810124329	3810124329	710	710
modules/jpegtran/po/sl.po	1065128232	1130731778	3935	4096
modules/jpegtran/po/sr.mo	3905457826	3905457826	4705	4705
modules/jpegtran/po/sr.po	3042614883	4128781005	5623	5792
modules/jpegtran/po/strings.raw	4228383295	1604996819	2137	2180
modules/jpegtran/po/sv.mo	3769898572	3769898572	4717	4717
modules/jpegtran/po/sv.po	3838200495	1288739289	5982	6163
modules/jpegtran/po/tr.mo	1861389972	1861389972	4486	4486
modules/jpegtran/po/tr.po	4078149905	3409619686	5552	5724
modules/jpegtran/po/uk.mo	625063822	625063822	902	902
modules/jpegtran/po/uk.po	1338201	2790245135	4140	4300
modules/jpegtran/po/vi.mo	1125502545	1125502545	1616	1616
modules/jpegtran/po/vi.po	4137777852	1615514771	4141	4297
modules/jpegtran/po/zh_CN.mo	2104175270	2104175270	1475	1475
modules/jpegtran/po/zh_CN.po	2682481972	1965180532	4003	4159
modules/jpegtran/po/zh_TW.mo	1955327570	1955327570	1451	1451
modules/jpegtran/po/zh_TW.po	3813404819	4197896239	3967	4122
modules/jpegtran/templates/AdminJpegtran.tpl	873253927	2207479870	4888	5026
